3523
3530
3534
3540
3576
3600
3604
3612
3626
3645
3673
3674
3678
3681
3712
3733
3760
3770
3802
3815
3863
3893
3900
3921
3924
3925
3937
3940
3962
3964
3977
4059
4074
4126
4142
4160
4168
4187
4188
4210
4225
4228
4264
4335
4336
4344
4348
4350
4360
4361
4408
4421
4464
4476
4508
4521
4528
4542
4570
4575
4603
4604
4619
4643
4665
4670
4673
4678
4701
4701
4705
4752
4799
4821
4826
4839
4856
4895
4900
4916
4921
4925
4938
4939
4940
4966
4992
4996
5002
5215
5034
5037
5045
5051
5068
5081
5098
5114
5124
5126
5140
5160
5166
5174
5186
5207
5226
5230
5237
5242
5322
5325
5334
5338
5341
5374
5381
5393
8427
5522
5523
5553
5578
5580
5619
5627
5630
5631
5632
5652
5663
5671
5681
5727
5743
5745
5754
5788
5802
5809
5833
5863
5889
5895
5902
5907
5929
5975
5983
5997
6080
6095
6102
6128
6114
6115
6122
6146
6149
6173
6183
6186
6213
6218
6220
6232
6233
6238
6243
6264
6311
6330
6342
6371
6372
6476
6477
6512
6538
6558
6585
6594
6611
6616
6643
6693
6698
6713
6717
6720
6724
6726
6760
6813
6818
6833
6840
6870
6871
6886
6887
6920
6923
6939
6983
6984